# Frequency_Hz Difference_dB Sensitivity_mps2_per_V
0.017127 17.97 7.914546e+00
0.034255 24.16 1.615134e+01
0.051324 28.84 2.767611e+01
0.068510 28.79 2.751758e+01
0.081472 31.32 3.682988e+01
0.102648 30.59 3.383676e+01
0.115219 31.68 3.837686e+01
0.137019 30.66 3.412158e+01
0.153799 30.85 3.488882e+01
0.162944 31.34 3.691011e+01
0.182899 29.59 3.016364e+01
0.205297 30.19 3.232151e+01
0.217505 29.24 2.895983e+01
0.230438 28.42 2.637814e+01
0.244141 29.33 2.927246e+01
0.274039 30.30 3.272082e+01
0.290334 29.66 3.040262e+01
0.307598 28.41 2.633564e+01
0.325889 28.22 2.574912e+01
0.345267 27.68 2.420703e+01
0.365798 27.09 2.261285e+01
0.387549 28.57 2.681422e+01
0.410594 28.42 2.636720e+01
0.435009 27.76 2.444803e+01
0.460876 27.09 2.261978e+01
0.488281 27.25 2.302948e+01
0.517316 27.00 2.239683e+01
0.548077 26.72 2.167569e+01
0.580668 26.62 2.141767e+01
0.615196 25.70 1.926428e+01
0.651777 25.79 1.947249e+01
0.690534 24.27 1.635184e+01
0.731595 23.65 1.522570e+01
0.775098 22.54 1.340189e+01
0.821188 20.52 1.061652e+01
0.870018 20.23 1.027400e+01
0.921752 19.87 9.855056e+00
0.976562 20.50 1.059116e+01
1.034632 19.50 9.439994e+00
1.096154 19.03 8.947976e+00
1.161335 19.10 9.016882e+00
1.230392 16.61 6.767051e+00
1.303555 15.64 6.050421e+00
1.381068 13.90 4.954961e+00
1.463191 14.49 5.301388e+00
1.550196 15.42 5.903218e+00
1.642376 16.00 6.309197e+00
1.740037 16.88 6.978775e+00
1.843505 15.28 5.805196e+00
1.953125 14.57 5.350946e+00
2.069264 12.55 4.240028e+00
2.192309 13.02 4.478243e+00
2.322670 13.17 4.554478e+00
2.460783 13.12 4.527215e+00
2.607109 12.92 4.424765e+00
2.762136 10.92 3.513800e+00
2.926381 9.08 2.843425e+00
3.100393 8.97 2.809833e+00
3.284752 8.87 2.777578e+00
3.480073 10.23 3.248137e+00
3.687009 12.21 4.076673e+00
3.906250 13.69 4.836264e+00
4.138528 14.38 5.237728e+00
4.384617 12.17 4.058776e+00
4.645340 8.90 2.787042e+00
4.921567 5.92 1.977677e+00
5.214218 3.91 1.568417e+00
5.524272 1.99 1.257843e+00
5.852762 2.47 1.329218e+00
6.200785 2.68 1.360883e+00
6.569503 3.18 1.441966e+00
6.960146 3.37 1.474847e+00
7.374018 3.02 1.415209e+00
7.812500 2.77 1.375995e+00
8.277055 1.16 1.142338e+00
8.769235 0.62 1.073901e+00
9.290681 2.12 1.275839e+00
9.843133 4.08 1.599336e+00
10.428436 3.56 1.506321e+00
11.048543 1.70 1.216245e+00
11.705524 1.44 1.179722e+00
12.401571 0.57 1.068386e+00
13.139006 -0.85 9.067684e-01
13.920292 -5.72 5.176037e-01
14.748036 -9.98 3.169482e-01
15.625000 -10.46 3.000498e-01
16.554111 -10.43 3.009729e-01
17.538470 -9.72 3.267477e-01
18.581361 -11.75 2.584224e-01
19.686266 -14.05 1.984528e-01
20.856873 -13.90 2.017421e-01
22.097087 -10.70 2.917939e-01
23.411048 -8.65 3.693560e-01
24.803141 -6.30 4.840878e-01
26.278013 -9.24 3.452205e-01
27.840585 -11.75 2.584959e-01
29.496072 -13.59 2.091174e-01
31.250000 -15.01 1.775982e-01
33.108222 -13.45 2.125949e-01
35.076939 -11.76 2.581240e-01
37.162722 -12.70 2.316257e-01
39.372533 -14.36 1.914084e-01
41.713745 -13.59 2.090828e-01
44.194174 -10.69 2.920809e-01
46.822096 -8.66 3.691738e-01
49.606283 -18.90 1.135510e-01
52.556026 -9.28 3.435759e-01
55.681170 -9.30 3.425771e-01
58.992145 -9.56 3.328454e-01
62.500000 -9.13 3.495826e-01
66.216443 -9.75 3.253827e-01
70.153878 -10.28 3.061477e-01
74.325445 -10.85 2.867787e-01
78.745066 -11.38 2.698518e-01
83.427491 -12.25 2.439804e-01
88.388348 -12.78 2.295583e-01
93.644192 -8.86 3.606868e-01
99.212566 -3.73 6.506713e-01
105.112052 -7.06 4.436430e-01
111.362340 -7.03 4.450326e-01
117.984289 -3.59 6.613248e-01
125.000000 -8.30 3.845697e-01
132.432887 -12.44 2.388419e-01
140.307756 -12.07 2.492131e-01
148.650889 -22.20 7.759314e-02
157.490131 -6.84 4.550181e-01
166.854982 -5.12 5.548588e-01
176.776695 -4.96 5.648513e-01
187.288385 -2.04 7.904015e-01
198.425131 -1.24 8.667206e-01
210.224104 -0.06 9.928375e-01
222.724680 0.55 1.065547e+00
235.968578 1.26 1.156252e+00
250.000000 0.75 1.090271e+00
264.865774 1.62 1.204727e+00
280.615512 0.69 1.082551e+00
297.301779 -0.32 9.637310e-01
314.980262 -1.11 8.799503e-01
333.709964 -2.00 7.944118e-01
353.553391 -2.49 7.509448e-01
374.576769 -3.20 6.914594e-01
396.850263 -3.79 6.465199e-01
420.448208 -6.49 4.736060e-01
445.449359 -8.13 3.922942e-01
471.937156 -7.48 4.226591e-01
500.000000 -11.26 2.733948e-01
529.731547 -14.53 1.877574e-01
561.231024 -15.44 1.690156e-01
594.603558 -15.32 1.714627e-01
629.960525 -14.70 1.839956e-01
667.419927 -14.41 1.902980e-01
707.106781 -12.16 2.466200e-01
749.153538 -8.96 3.563076e-01
793.700526 -4.35 6.057090e-01
840.896415 -1.58 8.340459e-01
890.898718 0.79 1.095736e+00
943.874313 5.04 1.785727e+00
1000.000000 8.90 2.784600e+00
1059.463094 12.11 4.031150e+00
1122.462048 10.77 3.454507e+00
1189.207115 5.28 1.837377e+00
1259.921050 4.80 1.737591e+00
1334.839854 3.46 1.490218e+00
1414.213562 0.09 1.010581e+00
1498.307077 4.05 1.593695e+00
1587.401052 4.35 1.650564e+00
1681.792831 2.24 1.294031e+00
1781.797436 0.86 1.103875e+00
1887.748625 5.21 1.822846e+00
2000.000000 3.06 1.422425e+00
2118.926189 1.57 1.197800e+00
2244.924097 1.99 1.258197e+00
2378.414230 1.65 1.209774e+00
2519.842100 -0.79 9.127803e-01
2669.679708 -4.50 5.953291e-01
2828.427125 -5.62 5.233507e-01
2996.614154 -8.76 3.648063e-01
3174.802104 -10.16 3.105824e-01
3363.585661 -7.81 4.069900e-01
3563.594873 -9.55 3.328515e-01
3775.497251 -12.72 2.312446e-01
4000.000000 -8.09 3.938590e-01
4237.852377 -6.66 4.644436e-01
4489.848193 -0.51 9.431244e-01
4756.828460 -3.68 6.543377e-01
5039.684200 -11.25 2.739144e-01
5339.359417 -13.57 2.096230e-01
5656.854249 -16.99 1.414353e-01
5993.228308 -21.63 8.285639e-02
6349.604208 -21.69 8.234906e-02
