# Калибровочная кривая по естественному шуму
# Формат: Частота_центральная(Гц) Разница(дБ) Чувствительность(м/с2/В) Когерентность
0.015259 28.834538 2.765202e+01 0.072233
0.030518 40.311803 1.036550e+02 0.019293
0.045725 33.126352 4.532289e+01 0.044106
0.061035 29.352016 2.934951e+01 0.068065
0.076899 36.955892 7.043598e+01 0.028389
0.091449 38.570133 8.482164e+01 0.023576
0.108752 29.812163 3.094626e+01 0.064561
0.122070 31.164283 3.615881e+01 0.055269
0.137019 34.119307 5.081189e+01 0.039346
0.153799 34.644058 5.397627e+01 0.037041
0.172633 26.612755 2.141104e+01 0.093206
0.182899 31.419912 3.723879e+01 0.053669
0.205297 41.550930 1.195492e+02 0.016728
0.217505 24.870254 1.751914e+01 0.113790
0.230438 21.936449 1.249748e+01 0.159014
0.244141 29.548738 3.002181e+01 0.066544
0.258658 28.403304 2.631269e+01 0.075899
0.274039 25.318274 1.844649e+01 0.108104
0.290334 25.717899 1.931501e+01 0.103270
0.307598 22.106374 1.274438e+01 0.155972
0.325889 23.873409 1.561962e+01 0.127521
0.345267 20.488529 1.057856e+01 0.187387
0.365798 23.515018 1.498825e+01 0.132847
0.387549 22.358018 1.311901e+01 0.151570
0.410594 22.540002 1.339677e+01 0.148463
0.435009 22.885428 1.394028e+01 0.142735
0.460876 20.160495 1.018649e+01 0.194464
0.488281 26.077763 2.013206e+01 0.099100
0.517316 19.539588 9.483735e+00 0.208568
0.548077 15.587529 6.016951e+00 0.323460
0.580668 17.514449 7.511427e+00 0.261624
0.615196 27.104214 2.265743e+01 0.088100
0.651777 17.696916 7.670891e+00 0.256369
0.690534 18.324276 8.245439e+00 0.239042
0.731595 24.119947 1.606931e+01 0.123981
0.775098 20.742992 1.089305e+01 0.182069
0.821188 19.530065 9.473343e+00 0.208792
0.870018 19.906409 9.892827e+00 0.200122
0.921752 23.795085 1.547940e+01 0.128667
0.976562 18.873661 8.783812e+00 0.224778
1.034632 13.877748 4.941825e+00 0.388789
1.096154 17.974503 7.920000e+00 0.248563
1.161335 21.774897 1.226718e+01 0.161960
1.230392 18.707188 8.617066e+00 0.229013
1.303555 9.041978 2.832037e+00 0.627916
1.381068 13.386992 4.670352e+00 0.409461
1.463191 13.541956 4.754423e+00 0.402840
1.550196 12.181064 4.064931e+00 0.463936
1.642376 15.384448 5.877903e+00 0.330686
1.740037 18.962904 8.874527e+00 0.222539
1.843505 12.917993 4.424861e+00 0.430028
1.953125 11.813789 3.896633e+00 0.481549
2.069264 14.421077 5.260825e+00 0.366911
2.192309 11.560088 3.784464e+00 0.493985
2.322670 11.635861 3.817623e+00 0.490248
2.460783 13.417188 4.686616e+00 0.408164
2.607109 16.669141 6.814862e+00 0.287290
2.762136 9.699308 3.054678e+00 0.591358
2.926381 7.372908 2.336928e+00 0.723369
3.100393 8.429829 2.639316e+00 0.662646
3.284752 8.482720 2.655437e+00 0.659626
3.480073 9.263743 2.905274e+00 0.615484
3.687009 10.296476 3.272079e+00 0.559019
3.906250 7.185170 2.286960e+00 0.734155
4.138528 12.213959 4.080355e+00 0.462382
4.384617 12.353040 4.146217e+00 0.455851
4.645340 7.819698 2.460282e+00 0.697657
4.921567 5.881272 1.968174e+00 0.807670
5.214218 2.997922 1.412200e+00 0.943256
5.524272 4.851756 1.748187e+00 0.861992
5.852762 3.879681 1.563090e+00 0.907915
6.200785 1.488158 1.186883e+00 0.985500
6.569503 4.256407 1.632377e+00 0.890876
6.960146 5.133908 1.805907e+00 0.847585
7.374018 1.976812 1.255569e+00 0.974649
7.812500 3.570407 1.508413e+00 0.921081
8.277055 0.469467 1.055537e+00 0.998541
8.769235 1.747169 1.222809e+00 0.980105
9.290681 3.178417 1.441853e+00 0.936591
9.843133 7.705480 2.428142e+00 0.704231
10.428436 4.337719 1.647730e+00 0.887065
11.048543 0.706176 1.084698e+00 0.996704
11.705524 0.810915 1.097857e+00 0.995658
12.401571 -0.580681 9.353323e-01 0.997769
13.139006 -0.019101 9.978033e-01 0.999998
13.920292 -4.053514 6.270820e-01 0.900183
14.748036 -10.065788 3.138417e-01 0.571402
15.625000 -9.151223 3.486895e-01 0.621780
16.554111 -8.979066 3.556695e-01 0.631459
17.538470 -8.150534 3.912671e-01 0.678641
18.581361 -12.163595 2.465019e-01 0.464763
19.686266 -15.039282 1.770255e-01 0.343293
20.856873 -15.028250 1.772505e-01 0.343703
22.097087 -14.958832 1.786728e-01 0.346291
23.411048 -15.157652 1.746294e-01 0.338923
24.803141 -15.667432 1.646753e-01 0.320655
26.278013 -16.831461 1.440214e-01 0.282190
27.840585 -16.738526 1.455706e-01 0.285100
29.496072 -14.583077 1.865719e-01 0.360592
31.250000 -15.066198 1.764778e-01 0.342295
33.108222 -14.564573 1.869698e-01 0.361309
35.076939 -12.598129 2.344734e-01 0.444509
37.162722 -12.964410 2.247913e-01 0.427957
39.372533 -13.214230 2.184180e-01 0.416945
41.713745 -12.986767 2.242134e-01 0.426963
44.194174 -11.985188 2.516174e-01 0.473271
46.822096 -8.194129 3.893082e-01 0.676140
49.606283 -22.370218 7.611830e-02 0.151360
52.556026 -9.657025 3.289643e-01 0.593682
55.681170 -9.708588 3.270172e-01 0.590849
58.992145 -9.387121 3.393470e-01 0.608609
62.500000 -8.938506 3.573343e-01 0.633747
66.216443 -10.215023 3.084955e-01 0.563375
70.153878 -10.429117 3.009845e-01 0.551966
74.325445 -11.366484 2.701941e-01 0.503621
78.745066 -11.498492 2.661187e-01 0.497038
83.427491 -12.044791 2.498967e-01 0.470417
88.388348 -13.160876 2.197638e-01 0.419278
93.644192 -5.276908 5.446965e-01 0.840131
99.212566 1.784614 1.228091e+00 0.979258
105.112052 -5.608440 5.242978e-01 0.822500
111.362340 -8.833345 3.616869e-01 0.639691
117.984289 -5.010817 5.616415e-01 0.853921
125.000000 -11.404309 2.690200e-01 0.501729
132.432887 -15.275406 1.722780e-01 0.334624
140.307756 -12.038393 2.500808e-01 0.470722
148.650889 -29.621359 3.303179e-02 0.065992
157.490131 -8.967287 3.561522e-01 0.632123
166.854982 -9.287594 3.432577e-01 0.614152
176.776695 -12.185363 2.458849e-01 0.463733
187.288385 -10.890268 2.854214e-01 0.527842
198.425131 -9.620457 3.303522e-01 0.595695
210.224104 -13.352000 2.149810e-01 0.410968
222.724680 -11.092294 2.788594e-01 0.517478
235.968578 -11.211479 2.750591e-01 0.511425
250.000000 -15.209551 1.735891e-01 0.337023
264.865774 -5.656256 5.214194e-01 0.819920
280.615512 -1.688628 8.233199e-01 0.981395
297.301779 0.011568 1.001333e+00 0.999999
314.980262 -0.493956 9.447181e-01 0.998385
333.709964 -2.264048 7.705443e-01 0.966965
353.553391 -4.272458 6.114727e-01 0.890128
374.576769 -4.221045 6.151028e-01 0.892520
396.850263 -7.042366 4.445102e-01 0.742342
420.448208 -10.622580 2.943547e-01 0.541768
445.449359 -16.251450 1.539670e-01 0.300803
471.937156 -11.783136 2.575391e-01 0.483040
500.000000 -12.906093 2.263056e-01 0.430560
529.731547 -15.297851 1.718333e-01 0.333810
561.231024 -22.169594 7.789692e-02 0.154854
594.603558 -18.146802 1.237827e-01 0.243829
629.960525 -18.426112 1.198656e-01 0.236336
667.419927 -17.693217 1.304185e-01 0.256475
707.106781 -19.449593 1.065419e-01 0.210692
749.153538 -22.601356 7.411945e-02 0.147429
793.700526 -20.396621 9.553641e-02 0.189345
840.896415 -18.464227 1.193407e-01 0.235330
890.898718 -23.690812 6.538218e-02 0.130208
943.874313 -25.676110 5.202289e-02 0.103765
1000.000000 -25.256462 5.459802e-02 0.108871
1059.463094 -27.003907 4.464827e-02 0.089119
1122.462048 -27.054022 4.439141e-02 0.088608
1189.207115 -28.362750 3.818234e-02 0.076254
1259.921050 -29.560913 3.326246e-02 0.066451
1334.839854 -29.759188 3.251177e-02 0.064955
1414.213562 -29.557420 3.327584e-02 0.066478
1498.307077 -29.216668 3.460721e-02 0.069132
1587.401052 -29.734006 3.260617e-02 0.065143
1681.792831 -29.464795 3.363259e-02 0.067189
1781.797436 -29.159473 3.483585e-02 0.069587
1887.748625 -29.414249 3.382887e-02 0.067580
2000.000000 -29.192341 3.470427e-02 0.069325
2118.926189 -29.087423 3.512601e-02 0.070165
2244.924097 -29.218022 3.460182e-02 0.069121
2378.414230 -29.471270 3.360752e-02 0.067139
2519.842100 -29.525651 3.339777e-02 0.066721
2669.679708 -29.298864 3.428126e-02 0.068482
2828.427125 -29.522224 3.341095e-02 0.066747
2996.614154 -29.629911 3.299928e-02 0.065927
3174.802104 -29.741918 3.257647e-02 0.065084
3363.585661 -29.698622 3.273926e-02 0.065408
3563.594873 -29.915334 3.193253e-02 0.063800
3775.497251 -29.925224 3.189619e-02 0.063728
4000.000000 -28.738231 3.656692e-02 0.073036
4237.852377 -30.037305 3.148725e-02 0.062912
4489.848193 -30.078692 3.133758e-02 0.062614
4756.828460 -30.438804 3.006490e-02 0.060076
5039.684200 -30.663745 2.929630e-02 0.058542
5339.359417 -30.910931 2.847433e-02 0.056903
5656.854249 -31.215879 2.749198e-02 0.054942
5993.228308 -31.682030 2.605544e-02 0.052076
6349.604208 -32.433466 2.389608e-02 0.047765
